1-1	148.0,192.5,24.0,85.0,3225.0,8.5,-12.249999999999998,0.0
1-10	65.75,75.3125,21.75,44.5,1440.625,9.5625,-7.08125,0.0
1-11	24.479166666666668,29.942708333333332,11.3125,25.125,445.0520833333333,6.296875,-5.715104166666666,0.0
1-12	12.529947916666668,14.496419270833332,6.33203125,15.1328125,296.5657552083333,6.2685546875,-4.519694010416666,0.0
1-13	19.17649739583333,24.974820963541667,8.8666015625,16.556640625,549.8282877604167,3.213427734375,-3.5759847005208334,0.0
1-14	19.507354058159724,24.957284206814236,8.827775065104166,14.523193359375,472.9095119900174,1.8422261555989585,-2.8198326958550344,0.0
1-15	15.625262644934276,17.49847443595765,3.9224205380394346,12.697256905691964,441.8896254282149,0.9943652198428199,-1.8007083105662514,0.0
1-16	19.675789457654197,24.671827326123676,8.278825641813732,10.771789278302874,357.55905079463173,1.4998239131200881,-1.4687721347051952,0.0
1-17	6.629883040490395,6.04643964794788,3.563300712272604,6.38254970217508,146.04330696651755,2.291661775364447,-1.3685770037418112,0.0
1-18	4.11574707601226,4.7261609911986975,1.8890825178068151,4.409563742554377,103.65108267416295,1.9572915443841112,-1.6867144250935453,0.0
1-19	8.252630615363914,11.402867295254516,4.406570057222882,7.509308266876236,252.3557064244128,1.2263020805541844,-0.9837889642066716,0.0
1-2	7.171929804486749,10.841726401984468,1.71680354285881,6.468943922226589,184.42407721717527,0.5047146266782122,-0.8475789367543056,0.0
1-20	4.3686909577785915,6.093110123115086,2.302246221978054,4.3167104600428186,157.3927707157149,1.5289368197438118,-1.3239919026298905,0.0
1-21	2.524440909960332,3.144519823627055,1.612540111106751,3.416369829643622,74.23915661992348,1.7594453003525683,-1.0754284268326766,0.0
1-22	2.075407348499339,3.085741997060451,1.6602090018517792,3.706939497160727,72.9039859436654,1.5126574216725428,-1.3229238071138778,0.0
1-23	6.438678239820302,8.00133971870407,3.2915657656539343,4.964170929643137,140.20162478036977,1.1486352722136335,-1.2347331844861544,0.0
1-24	5.638804091762063,7.441196172333883,2.5484053789066756,4.484767219553576,116.7676709526525,1.413950518709024,-0.9269813703600905,0.0
1-25	5.119983390163362,5.645016613504637,1.3965056302625927,3.7289551002715777,108.56621765212019,0.6585270905376253,-0.7906525190327791,0.0
1-26	7.50157872881794,8.534802850177693,1.3867961267139814,3.8253809881614687,117.21797654805421,0.6402437775070741,-0.5814559541977997,0.0
1-27	1.9937697341102243,2.7691850356272214,1.8673349515839248,3.285317262352018,60.21522470685068,0.5705030472188384,-0.7710181994274725,0.0
1-28	7.654687734929883,8.461537917090801,2.3198492256140946,3.4676823483613335,98.33589553222443,0.4948869410383195,-0.7817978357074699,0.0
1-29	2.5756214515332942,4.459790203603305,1.5149982866547056,2.232587299413197,69.29927154013892,0.8238055334208899,-0.5975204299512212,0.0
1-3	7.158430667951449,8.657171632647861,1.6686412857245077,3.8503542097762304,139.88368773413194,0.47634571231979234,-0.4249730481516437,0.0
1-30	1.3141503194578277,1.7776788711734153,0.9757150133929636,2.0817745230185025,49.37378841389721,1.0570452678366644,-0.8460934692515796,0.0
1-31	2.113141503194578,2.487776788711734,1.3997571501339297,2.240817745230185,41.49373788413897,0.6405704526783665,-0.7294609346925158,0.0
1-4	4.606857129838409,5.50469016142992,0.94615151105898,3.2042386321656746,110.97590132580902,0.5157747158911381,-0.3589371243720434,0.0
1-5	4.255619047498504,5.588006390383611,1.5550569584357314,3.2796688762237562,130.65718427153527,0.43996087699899206,-0.36536052892937076,0.0
1-6	3.127282312924094,3.3356071999141395,1.2013844371288904,2.707854186394855,94.91658200242442,0.20035679354463384,-0.3693335761511551,0.0
1-7	3.6562696751114143,4.097720751723398,1.0275981416993871,2.5664470188482316,43.05962570691745,0.277589282702971,-0.385080461863372,0.0
1-8	1.7971355806259284,2.500814339597695,0.6502299845141616,1.6880537251570686,48.69216354755765,0.685646577355858,-0.4982090038488614,0.0
1-9	0.466105932101822,0.6008130188677233,0.3197599192299529,1.3926455945577183,18.941065835060947,0.7232713433657731,-0.6088565242245876,0.0
10-1	2.3786414525945454,2.879693851709904,0.12413562436898401,1.8476503562074822,21.241727076836412,0.4353380573700451,0.2678995584044954,0.0015625
10-10	3.7528684958529888,4.643027983725076,0.11457678503309836,1.9003609875470264,41.827588841491185,0.283601045889167,0.15202954210912495,1.1837121212121212E-5
10-11	2.204065209528331,2.6885516763509196,0.12584247636053747,1.6683850072613753,35.60167344736391,0.4579676547491851,0.20920609957433178,8.70376559714795E-8
10-12	0.9086004657823452,1.8620610834025066,0.1294703034025753,1.4904884643375813,28.825726238909745,0.3818426261053513,0.08506575785410238,6.216975426534249E-10
10-13	1.1243652810123774,1.6934865353014064,0.2717324326625179,1.2742395032245666,25.89462309888132,0.7040405737923983,0.1443407344295424,4.31734404620434E-12
10-14	2.433272738385219,3.349280314427712,0.19778197589636837,1.812663780427193,48.14793664256001,0.07908135522832702,0.20300230225965907,2.917124355543473E-14
10-15	2.410745215384113,3.081245265226498,0.17893277615721295,1.8408727880291265,37.816762741069475,0.13867816681071266,0.09409869935697143,1.919160760225969E-16
10-16	1.4962227257396417,3.301802854264272,0.0908905947189565,1.9733389281283917,32.29369719705814,0.12268383440263278,0.1525262737138267,1.2302312565551084E-18
10-17	3.5468513920358733,4.526886267839151,0.11306806621699347,2.0435833683008022,38.95183560748161,0.06951677396501646,0.19345328921071142,7.688945353469427E-21
10-18	2.222846654829487,3.27150540407219,0.13483578089156703,1.890509654684761,32.55458436346025,0.22603363886564037,0.18410642249518727,4.688381313091114E-23
10-19	3.465612182469223,4.5730446750242395,0.16151687964816408,2.0469673193731235,44.83663443073488,0.10848829546943833,0.1844292048958047,2.7907031625542346E-25
10-2	1.6248000708283095,1.8289130504361872,0.12884602837004747,1.1572498099963553,24.679282758318227,0.35528190869458975,0.18014203026102213,1.6225018386943225E-27
10-20	1.8217318185842517,2.6865279150592967,0.09164117061573891,1.4270298284658884,27.981132288399536,0.189518647208492,0.1567053524446649,9.218760447126832E-30
10-21	1.1045651767699125,1.5927029328614404,0.2338424509478652,1.196816832380366,26.82211740160222,0.3732751035956028,0.0903150297358037,5.121533581737129E-32
10-22	1.283176984656358,2.655395124635117,0.12083610027689057,1.5119392219151107,30.580554985878276,0.08898519078041088,0.1080995382050859,0.002173913043478261
10-23	0.9908679626843424,1.6098691230033781,0.09106827712913239,1.1569784001165697,19.843513590350415,0.12281375101478943,0.042596274139388754,1.156336725254394E-5
10-24	1.036410770638981,2.440676401682309,0.05776598061004756,1.2195675958339405,26.66585163328308,0.07876465495320202,0.09657602226114265,6.022587110699968E-8
10-25	0.6940633202583621,1.0583707979677668,0.10743758153372475,0.8582630999787446,14.931968630782057,0.05142226864772042,0.09028865317480175,3.0727485258673306E-10
10-26	0.4234703166012918,0.45029185398983884,0.035537187907668626,0.7192913154998937,8.074659843153912,0.1602571113432386,0.0024514432658740114,1.5363742629336653E-12
10-27	0.7667817172382416,1.3894622149705385,0.07860557445052778,0.8809769182132348,15.235660097270362,0.020393417212466854,-0.023517394885951594,7.531246386929731E-15
10-28	1.6190710659482608,2.314372414495051,0.08210868064639677,1.3023123890298716,23.15017144277534,0.11067496835198301,-0.01838229516772092,3.620791532177755E-17
10-29	0.5972597691790013,1.039218737804222,0.0947269277388981,0.9495392093822164,13.788444204918752,0.23197205173750934,-0.039237652335696795,1.707920534046111E-19
10-3	1.4657280544869398,1.7918482348972418,0.10229040244323563,1.1849515704138067,24.600872426874623,0.0566295002395255,0.19148501086881622,7.907039509472737E-22
10-30	1.2657533093385769,2.0672356737949875,0.09591950182928745,1.291749779865517,25.56636760194034,0.03207558863745239,-0.0032205226778690187,3.594108867942153E-24
10-31	1.5636863987024046,1.754764444972299,0.07185678349030931,1.1129095972315424,22.881992712508662,0.19657176602070292,-0.04019294876195477,1.6045128874741754E-26
10-4	0.9015951157837825,1.362959493179703,0.17136779291004522,0.9259338140229453,26.854745582072407,0.30787970072816095,0.2094728379440265,7.037337225763928E-29
10-5	2.3573344617059644,2.579150687470602,0.069704171521164,1.206577300922513,29.426098041302037,0.07029258491693173,0.19874772774975877,3.0333350111051412E-31
10-6	2.4549039595834996,2.6592336893536888,0.07232925496407272,1.1152821072072987,36.565364822208906,0.3392809007835463,0.19279130393114305,1.2853114453835345E-33
10-7	2.2935620998315978,2.4527468070389733,0.08363470522901698,1.321313675446697,32.6523556867592,0.07224700375326477,0.17871996376637975,0.010833333333333334
10-8	0.898744106966523,1.0469374869140942,0.13149030616897137,0.8291857117846176,14.887919490519504,0.3199682254252183,0.05155213099904254,4.4398907103825137E-5
10-9	1.74555945204422,2.1977699092214276,0.07714310607326198,1.1847951036765507,25.060031933429514,0.037580517038004906,0.13327238762499613,1.7902785122510136E-7
11-1	1.094228410523985,1.2904673409096088,0.03998866311933834,1.0721618853320498,16.766111237831073,0.02792690681364288,0.01719552534771824,7.104279810519895E-10
11-10	1.2034930797286094,1.4112908880504282,0.07437495571530992,0.7424693823645783,18.034242622022777,0.1828098707297408,-0.08391720497911047,2.775109300984334E-12
11-11	0.9507826656912639,1.1631203495694247,0.13105528829121274,0.7874710360860175,21.607824010084705,0.17378003796434516,-0.057630450788381186,1.0673497311478207E-14
11-12	0.8179953888851942,1.2506178801120056,0.18231460336473945,0.684801026651841,22.430332666704867,0.2544461365074407,-0.07635466079844085,4.042991405862957E-17
11-13	1.6075298335406165,2.191233648806388,0.29918774105733115,1.0062865709949695,34.785187808457856,0.02706882886756508,-0.019314756197009102,1.5085788827846855E-19
11-14	1.0610570949762523,1.5595265942970822,0.18124701375388724,0.6581113476874815,19.613180837531093,0.37609510598848367,-0.09970336307425372,5.546245892590755E-22
11-15	1.2176125257064356,2.070867849979337,0.19993205439765901,0.9915148961872736,45.360917321875114,0.036299619949233634,-0.06666559189519658,2.009509381373462E-24
11-16	1.115062901877523,1.7109673851784977,0.07928547162284878,0.7999696960578117,27.662003276149555,0.18042464149981868,-0.0041666628281971305,7.176819219190936E-27
11-17	0.48279951726013215,0.6292639696661214,0.11647635729444666,0.5767604566762599,14.5340211382963,0.18041628394894302,-0.06409917839024012,2.5270490208418786E-29
11-18	0.8662597205460422,1.3216293887835628,0.19832109846282794,0.731169307141237,26.43935424006353,0.05096325098593383,-0.05543089992496611,8.774475766812078E-32
11-19	1.0440625332895412,1.360690511605423,0.23013123663857132,0.7970245524217165,23.378216966575557,0.030996449489677856,-0.05635421541070193,6.849315068493151E-4
11-2	1.4528515626124647,2.082299630106775,0.048074767691346526,0.8202602180825057,20.687088570833026,0.15213174476178945,-0.018433629106117237,2.313957793409848E-6
11-20	1.4815095052087082,1.8102743321003558,0.22016024922563782,0.9327342007269416,28.402290295236114,0.02384043914920596,-0.02639477876368706,6.666743798593113E-4
11-21	1.5344786496881866,1.8645074813555933,0.17835579029350537,0.881357678291865,41.21184963912907,0.18099947512878028,-0.03528419335119634,0.0019758772183548
11-22	0.4205664891223643,0.5872224268875181,0.1401894668516023,0.6100044080464021,13.770168342984183,0.1466915567374311,-0.10953014348490646,0.002603817783176477
11-23	0.8891684823369308,1.082010328291306,0.2696800944450372,0.8128525782309179,19.595417206227513,0.11264965242544048,-0.08112028892142599,8.345569817873323E-6
11-24	0.4869910395010662,0.6489937035705421,0.14958759523558557,0.6924457360070598,13.98606144685515,0.12060965079881468,-0.10595291230671337,2.6410031069219376E-8
11-25	0.8577718469984408,1.064528105323658,0.1504674612351112,0.7771638929250221,20.356206442021424,0.0472519051587463,-0.10345610285095849,8.253134709131055E-11
11-26	1.579807937799378,1.8829152102016162,0.14861255389270095,0.9530159379411267,34.01344508161118,0.16372608612703315,-0.12655387686065112,2.5472637991145233E-13
11-27	0.8493286827371933,1.0423259610067124,0.23520918461552653,0.45107626810347906,17.176870259395155,0.38159672587233856,-0.18910534718555078,7.766048168032083E-16
11-28	1.2555702671166784,1.61759736735243,0.2838409915199263,0.8748526393617574,34.08788213933553,0.11560721905383235,-0.1270756185156191,2.3391711349494225E-18
11-29	1.7924272924616569,2.254814277879025,0.35501143152238074,1.056175156664767,54.863356792081355,0.05689168815194593,-0.07002105838843935,6.961818854016139E-21
11-3	0.9964483155660636,1.4036906302290562,0.039279445386830536,0.7884005151666611,22.22018634350612,0.0295790932004469,0.004205820416504589,2.047593780592982E-23
11-30	0.8488268846382734,1.1174525890413636,0.22104441699240357,0.758105815451066,24.483198216114843,0.08148133457325711,-0.0816738202894869,5.952307501723786E-26
11-4	1.2007150197834433,1.6124064729570153,0.020750127635035646,0.6573508787800318,21.909434477632516,0.23873988889245187,0.020167603964685383,1.710433190150513E-28
11-5	1.7051156676698396,1.9733307002072642,0.0625589492262359,1.0444811104510796,26.766788166129633,0.0290873292298081,0.04863683978399058,5.681818181818183E-4
11-6	0.6733289765945782,0.8482396929781103,0.050737525138275945,0.5534957334563232,12.43473816900598,0.23041878463266802,-0.03160495269723598,0.004215079162410623
11-7	0.3824259138238738,0.6551339991471614,0.11680760423649521,0.5737597103707119,15.03454093935835,0.14190560773509076,-0.02675445820193677,2.894863310066962E-4
11-8	0.6081934777852305,0.9825690494482064,0.09372749341823214,0.6444334057977218,18.72262236521802,0.07927007035092057,-0.020128446313741586,7.952921181502643E-7
11-9	1.1483918301026772,1.3668004593735006,0.20134165079733216,0.7490337864287981,21.246528865122876,0.08173714693030142,-5.4696864982993055E-5,2.161119886277892E-9
12-1	2.0622268597583404,2.3343193560735847,0.2344122087387025,0.7600780478129807,21.562490668992265,0.25290789555626425,-0.11854853413135749,5.809462059886807E-12
12-10	1.2288889012227615,1.4902508493512596,0.2851979048104753,0.8131916969356727,30.110538539013277,0.056523691211585805,-0.08621954397375362,1.545069696778406E-14
12-11	0.6506023392137441,0.7407638180246086,0.1849610471179223,0.660034714991936,16.658185627734245,0.07120137813476733,-0.1331216303788783,4.0659728862589634E-17
12-12	0.991277610258369,1.184220739109439,0.2530858360602029,0.6163021737369582,19.574630691738893,0.2085187535888926,-0.13263833757911167,1.0588471057966051E-19
12-13	0.30410123095427416,0.4643923214925501,0.1707553758661345,0.46808325302509524,10.359728429617885,0.15775391431337343,-0.13925937715870904,2.7289873860737244E-22
12-14	0.6895512786503937,0.7103683477589096,0.09992539636700545,0.4833369470740436,13.801938082728617,0.07693304569977902,-0.13964096779887428,6.961702515494195E-25
12-15	0.11032714969356161,0.42351103118120936,0.11388870049587628,0.3320286286542274,5.590408934552345,0.3183760935497469,-0.1440394973934315,1.7580056857308573E-27
12-16	0.2802758178742339,0.398558777577953,0.17278472175123968,0.4183300715716356,10.263976022336381,0.21579594023387436,-0.15011009874348358,4.395014214327143E-30
12-17	0.7407927619254312,0.8970261355880642,0.31725936812314665,0.6644018071078506,22.797683108966176,0.03271236618869771,-0.13898542103649378,1.0878748055265206E-32
12-18	0.9601490018674643,1.171316240528402,0.4198952435493214,0.6952558867821271,26.771562948796483,0.03194292246614877,-0.11284065054175613,2.6663598174669624E-35
12-19	1.0120391966064746,1.172745913205166,0.2146113962222071,0.6279011065213158,26.521290201332032,0.16027170612249067,-0.10998262293820815,6.471747129774181E-38
12-2	0.34618278653030404,0.4643575622913586,0.1880158927793803,0.49910553150606085,13.52529156298397,0.10134680698587137,-0.10795668899744763,1.555708444657255E-40
12-20	1.3008242447298342,1.3487246608625982,0.18616194260185565,0.7488073941226335,32.88934593229282,0.08357463525472827,-0.09739989687856535,3.7040677253744165E-43
12-21	1.3709925100111553,1.4277092562756195,0.123080570619344,0.6715773759295346,32.388889966821445,0.14170654395107246,-0.10140896202094002,8.736008786260416E-46
12-22	0.9728294217523625,0.9893170777015786,0.3180445807724751,0.618391535925069,24.374740397118742,0.14051800594381092,-0.10467618916360033,2.041123548191686E-48
12-23	1.1712334014392416,1.2175678636057907,0.271569547640677,0.7398573878146414,26.445311899067406,0.06514008797672179,-0.1009367504378787,4.724823028221495E-51
12-24	1.0302092509207323,1.4064623116137749,0.4364026824487172,0.6897703151096667,28.501021357566668,0.08501178919260716,-0.10206636869366485,1.08367500647282E-53
12-25	2.234159566479365,2.4350146870718494,0.4441736424601107,0.7106585688979765,39.61022959399447,0.061556844975437744,-0.07455015083794013,2.4628977419836816E-56
12-26	1.2662931521767553,1.5933221051510629,0.19244183252806332,0.6254744562362567,28.46759060719368,0.1983368397409357,-0.09859132916855391,5.547066986449733E-59
12-27	0.4336301186432517,0.5682886654132836,0.27721527194760726,0.642021148339813,12.563543729033913,0.049549859017278874,-0.14062185564546553,1.2381845951896726E-61
12-28	0.6713133409704496,0.7468324970473744,0.209834547061831,0.5465624361688934,12.195937043648305,0.0730998890686223,-0.10429341118505633,2.739346449534674E-64
12-29	1.1659458625898473,1.7450588431952792,0.4061619178663637,0.7884793035880896,40.37762266895537,0.10542346466901013,-0.11382520484909003,6.007338705119899E-67
12-3	0.3199259692664997,0.46901099748520714,0.15740469982144864,0.4234532158773654,12.913864397106424,0.1306639640536283,-0.11894309827141106,1.3059431967651954E-69
12-30	0.45758604734755715,0.6648039030118216,0.10594268254271864,0.49660226986180467,12.312314362924798,0.19209194819839143,-0.11879082564282631,2.814532751649128E-72
12-31	0.8364478334345034,1.302702572442333,0.07928620231312547,0.5459329108330381,15.838274175989156,0.1585301110004239,-0.12568117697786926,6.013958871045145E-75
12-4	1.0886365420199884,1.2315735223992421,0.12516797924218884,0.5668346036246462,22.703047191050825,0.14016637735381446,-0.09094423978173279,1.2741438286112594E-77
12-5	0.2438836902143277,0.3051083477361328,0.10740581508244158,0.4654765432849257,9.081308922670276,0.07382387894402062,-0.10019105932727256,2.676772749183318E-80
12-6	0.8150914243546131,0.9568856423911168,0.3002237621147551,0.5697197427985102,23.97725272692223,0.041820466414466705,-0.09020873137359849,5.5766098941319124E-83
12-7	0.8054030814552781,0.8966051356247751,0.2671492226489974,0.6396068589727242,21.330531513898602,0.02487979435209601,-0.053078943659862814,1.1521921268867588E-85
12-8	1.616404514511179,1.9547061580648049,0.26899005988247743,0.7287696861864196,28.93715272851209,0.03488704875891823,-0.03494483390094234,2.3610494403417188E-88
12-9	1.0886512286880308,1.2295827360936278,0.22818900418675298,0.5461966863540374,22.416538928309983,0.13828229074950998,-0.06937996917459541,4.7988809763043064E-91
2-1	0.4376787323159033,0.5206241587421242,0.21618586492779587,0.4506979771902299,8.311323667194173,0.16358524655393047,-0.11425278219591652,9.675163258678038E-94
2-10	0.4608753574646318,0.49504124831748425,0.1744323717298556,0.5089013959543804,17.816622647334388,0.17032717049310786,-0.13902850556439186,1.9350326517356074E-96
2-11	0.5267080860267155,0.5466171453339632,0.24439371502327353,0.5486287726110205,13.32900123541138,0.10152842692558156,-0.0959107708443738,3.839350499475412E-99
2-12	0.6762336773346982,0.827847671545933,0.2622921136122505,0.6172217101823052,18.136474411880734,0.04547544965930233,-0.07656675348591412,7.557776573770496E-102
2-13	0.7122582689010444,0.8004450149834881,0.26613728928439895,0.5344086361526998,14.488547801585705,0.13094819423761583,-0.07436829444040217,1.47612823706455E-104
2-14	1.0633958493583353,1.144962102742216,0.2853994908707062,0.6211907144111487,18.43893129418912,0.1223467988260419,-0.08134567498922558,2.860713637721996E-107
2-15	1.6635834535564584,1.7425864655821968,0.41401038363628984,0.6761945975277137,23.304690252488825,0.1252352823054347,-0.07054104937497928,5.501372380234608E-110
2-16	1.6749305027739627,1.7304247833312638,0.35384353126648144,0.6463286156441368,21.418520401245207,0.0918420520654684,-0.06731019284231866,1.0498802252356123E-112
2-17	0.15468736837646582,0.19077731966540012,0.05938227941527743,0.2682695617720533,5.532989621972055,0.22555273115921493,-0.1105441480925044,1.98840951749169E-115
2-18	0.30292234467739937,0.3950954460895966,0.07529959075078059,0.2505042660935565,5.27355825116912,0.23726607656232934,-0.10095966945130169,3.73761187498438E-118
2-19	0.981908437210219,1.1705132377725553,0.2333494395349828,0.42210914975017455,10.45759992211039,0.03215907850104912,-0.07649432774151363,6.9731564831798136E-121
2-2	0.5203368674763152,0.5799453948847639,0.18376546192506477,0.44707797990694476,12.056402962818723,0.09265214644166862,-0.10977128579211391,1.2913252746629285E-123
2-20	0.5469123839475668,0.5837866643288323,0.018720157099126958,0.16074830511012306,3.6986330936816523,0.28509678703390007,-0.08862090309888257,2.3737596960715596E-126
2-21	1.1013629788028239,1.125152895372863,0.1879903652501809,0.33423494216260974,15.517698235572412,0.013293972239112958,-0.058920841064049066,4.331678277502846E-129
2-22	0.991125657570295,1.4966035378539362,0.24309418544429381,0.4408228893879757,12.528111772165891,0.13045886589173752,-0.0703965957265653,7.847243256345736E-132
2-23	0.34530777995965883,0.5386629560033345,0.25403434206015163,0.3676993217435035,9.375050560741306,0.19627780371563264,-0.0799827276901557,1.4113746863931178E-134
2-24	0.9345451924642136,1.211676183850006,0.41295363275367886,0.5881566059316848,19.302455447429896,0.03785049607806363,-0.0676428262994467,2.52031193998771E-137
2-25	0.811940682965362,0.9595951705387412,0.2525052369375065,0.41948254717363775,15.814366055757855,0.12772668527673417,-0.08097099791897065,4.468638191467571E-140
2-26	0.8535421490897278,0.9964077379763006,0.27685300217770686,0.4215131734985451,12.703898531788306,0.14987275824872665,-0.08271297710901228,7.867320759626006E-143
2-27	0.21128241634456243,0.25174197156988865,0.10013435839541557,0.3713662817718506,6.141090731698931,0.20655572160532995,-0.08266208562431646,1.3754057272073437E-145
2-28	0.37189458752837595,0.5177981631450866,0.07135439992776982,0.3634919553502984,9.212050504742532,0.0819558259055648,-0.043199066120875554,6.944444444444445E-4
2-29	0.01797555387786547,0.026893930958656994,0.007056073483410346,0.05955544532989653,0.8825165520012869,0.07639853695997499,-0.03387036233296512,1.2035432312728674E-6
2-3	0.5284302505230256,0.5336091117572438,0.08951300528998866,0.40113520730693614,12.910296930382101,0.12405576340268498,-0.11813058582157138,2.0715029798156067E-9
2-4	0.6402195388897829,0.6795446309602688,0.17451198804323076,0.39213869266206314,10.620359481932278,0.19166505258701313,-0.12635577877918214,3.541030734727533E-12
2-5	0.24387134047349707,0.2982674781510361,0.13272412901195796,0.32154862256818684,8.676774803874249,0.19557158752561463,-0.12092759894529573,6.011936731286134E-15
2-6	0.4557232231711189,0.4895417664049765,0.17728958537776046,0.4474225103247355,16.878038406077362,0.10488292004641755,-0.09447036694594485,1.013817323994289E-17
2-7	0.35419719132859484,0.34922871317655774,0.14267552694368135,0.3290576591462726,8.068472426140833,0.14422928462319334,-0.07905271418248903,5.025125628140703E-4
2-8	1.170306484511362,1.4514962208205933,0.2697881456355136,0.34330958013169094,11.827069005700734,0.18992384240369917,-0.09813486308516221,8.361273923695014E-7
2-9	0.2779674487347295,0.32801900201788525,0.09135502172832317,0.3096583629423664,8.614590196703638,0.19535524602050197,-0.12313741299683499,1.382028747718184E-9
3-1	0.3994712109174626,0.5112118538620983,0.202120451595613,0.4028073207930088,11.344194729387034,0.0972009117340238,-0.08591648179474029,2.269341129258102E-12
3-10	0.22740533639627644,0.4184522216213085,0.2417652862179374,0.4068561293977047,10.295830660243698,0.23670016461946825,-0.10487098936671246,3.702024680682059E-15
3-11	0.5935614349050182,0.8353621591922549,0.31157498425643104,0.5047112741157176,12.658502156661658,0.22404651566388892,-0.07132069852409514,6.000040001105444E-18
3-12	0.4920991327454187,0.49087819993428705,0.15187049111796525,0.3985583112304601,10.002670695904447,0.2129211699125022,-0.05840792383015152,3.2206119162640903E-4
3-13	0.21358735861239264,0.28238540511989485,0.24824299278578874,0.40543769329796875,8.016004273113447,0.23554067387186,-0.08761345267812824,5.152979066022545E-7
3-14	0.3596400434954092,0.5155522820431159,0.1657364753462413,0.4139991060306804,9.551694760370609,0.17843488183445447,-0.051331658907278414,8.19233555806446E-10
3-15	0.6514370300845109,1.0734842848057553,0.3083186990131852,0.5330394930585003,12.809718317156984,0.09980795399973848,-0.035784094247878796,1.2942078290781137E-12
3-16	1.041838990628076,1.4098484839635883,0.3584118032951541,0.5675557919828234,16.346640060152524,0.12417552269073744,-0.02015036749489463,2.0317234365433495E-15
3-17	1.3339186255704027,1.6543055358564174,0.20648738190841678,0.5593877625459951,16.562163245023637,0.1796008978513116,-0.003151560635717464,3.1696153456214502E-18
3-18	0.6160215792644502,0.7420996985052039,0.09334339128978049,0.40861920583340466,7.002421958519417,0.26849550526798655,-0.042175428776179406,4.914132318792946E-21
3-19	0.3245239161467865,0.6405887514614872,0.09721624559520767,0.3719701374512071,6.482284163264283,0.14987441526235437,-0.023331549196881636,7.571852571329655E-24
3-2	0.6283683367781727,0.7008278541370007,0.24670324080489311,0.501335329460109,16.548977464262272,0.046171323759972974,-0.05516589823766751,1.159548632669166E-26
3-20	0.2551421131457811,0.5657546847094932,0.0582141601838735,0.3401846808667582,6.722296769351997,0.09748275696158291,-0.048181378840544395,1.7649142049758997E-29
3-21	0.4254994585675428,0.8525956954382897,0.0938853466871163,0.39990950783792245,9.087325713720654,0.1378176743675667,-0.04621510042184651,2.670066875909077E-32
3-22	0.35101578865950006,1.0268460085645688,0.13848704563411596,0.37654121730501944,7.532462143930408,0.17765085364566552,-0.05600934601567195,4.0151381592617697E-35
3-23	0.36823769176182286,0.8400999192953132,0.12875708078570122,0.40415028582556806,8.083008164639656,0.10938363356299799,-0.04238566419434331,6.001701284397264E-38
3-24	0.46860065035923004,0.6802973252887003,0.16215268511260877,0.3780150821483292,8.332961379145083,0.19481334863828084,-0.05593222238364687,8.917832517677955E-41
3-25	0.6269846390699546,0.801595712445035,0.22475945743738937,0.4628921936220802,7.693254004991351,0.09482247171143025,-0.020762086000566688,1.3172573881355916E-43
3-26	0.8599515192937885,1.1201198174925773,0.14423606381415183,0.4749822205486375,9.409241195308358,0.09705553960603736,-0.0019394450602064099,1.9342986609920583E-46
3-27	0.9574597832398449,1.2395914157919599,0.12429815483768489,0.5174817258694141,8.772860206124538,0.03955774531329349,-4.407875110367977E-4,2.823793665681837E-49
3-28	0.4092270824139911,0.8639181297761857,0.11048519325810985,0.2649020054076479,5.382834339921806,0.21921561356358968,-0.01959425368288975,4.098394289813987E-52
3-29	0.29207680675673015,0.8598324936937608,0.09972652986040131,0.37411962771343094,6.789874219826727,0.0638083919387642,-0.01691139141945583,5.9139888741904576E-55
3-3	0.7536471690197372,0.9022379232334201,0.49081739817770503,0.4209097842578385,16.507589489554988,0.11773860601425934,-0.06372584130763194,8.48491947516565E-58
3-30	0.3363104809829097,0.8087050469660962,0.18900259257942612,0.3814848927022223,8.725403123380248,0.11857024052213161,-0.02006237637847023,1.2104022075842582E-60
3-31	0.8132429935900467,0.9855442624779661,0.15204113842919068,0.41188863105347834,11.074787805848766,0.08243768828442856,0.023801329962583728,1.7168825639493023E-63
3-4	0.45107650633792673,0.46683433605427077,0.18498172233911028,0.36306331259669034,10.593899559669746,0.08192163284666351,-0.0673853295769216,2.4215550972486634E-66
3-5	0.5195667272178652,0.856194718563891,0.20222297576765652,0.31467470310322115,10.392137306535302,0.2736071832157737,-0.07891638896153846,3.3962904589742823E-69
3-6	0.5418682939012801,0.6636767011416511,0.2694591673302199,0.4286118196696,9.078650121766437,0.18169261810769285,-0.06510309119799378,4.736806776812109E-72
3-7	0.780224505261999,0.9440550300986708,0.23060951340822497,0.4458094477387928,16.101357351070412,0.07792190376991358,-0.05279487252593342,6.569773615550775E-75
3-8	0.9224554820762235,1.1144055931449637,0.2568698062253907,0.5054424957899846,19.332553596346305,0.23596954745347576,-0.04683144120348405,9.061756711104517E-78
3-9	0.31265083056526227,0.4267687319521879,0.22120283924036405,0.2791569855909327,6.062184572834495,0.28701779087442175,-0.07715614738162344,1.2430393293696183E-80
4-1	0.7166611880362417,1.1383721265101667,0.17901937631547116,0.33735219234050606,7.648106663810143,0.11362485373925568,0.014355857916259724,1.695824460258688E-83
4-10	0.5125056461167384,1.2159272349070693,0.09793625424194771,0.3030357560275991,5.709156182718874,0.17205159410276696,-0.010292597207711997,2.300982985425628E-86
4-11	0.4568319914252587,0.5670930192104009,0.0851524105995168,0.28785834784889014,7.565059589990173,0.222314779479221,-0.010135347634558317,3.1052401962559084E-89
4-12	0.48383467381399364,0.509486030898269,0.10347000323570406,0.34803739375550186,6.453107462536899,0.12244606010668352,-0.01410756422501283,4.168107645981085E-92
4-13	0.7242774828755861,0.7416682056487294,0.08558540721393285,0.39565826087283773,7.083381985931291,0.1123130120962706,0.01613603796498663,5.564896723606255E-95
4-14	0.5693549501764615,0.8549026138189225,0.06253065791130669,0.33784283965587364,6.2511067489853,0.16615181010902558,0.010911203237669304,7.390301093766607E-98
4-15	0.3481761624176704,0.4198875860156128,0.12161496784400437,0.31880824681592584,5.292273588836176,0.03588659420093662,0.01705536486557156,9.762617032716785E-101
4-16	0.3434273011332689,0.6838631899947644,0.08557373845971618,0.24089199506808928,3.817729663060231,0.18401561970328636,-0.02139677350214774,1.2828668899759245E-103
4-17	0.28672343438056636,0.4466455727973788,0.05762820096530682,0.2852822117582589,4.5801538949843925,0.17932551061399124,-0.005126008854251173,0.0014379084967320263
4-18	0.3709840356753974,0.6728825039958354,0.04558859323922667,0.3059626556719873,5.337555466703491,0.15497961704891286,-0.0010469779048819922,1.8698419983511396E-6
4-19	0.28379169991678577,0.5894862645588562,0.08155962301842073,0.3186364329310116,6.087111973436874,0.10886802020316808,0.0049145575965008,1.2936852502199012E-4
4-2	0.4379456778634708,0.5747612435837308,0.09405606129088599,0.30414238923157144,6.828940942050755,0.1442842574262589,0.012747637783264482,1.6649745820075947E-7
4-20	0.38980530816627845,0.41046704384581784,0.044934770885135575,0.2782383385265449,4.746259847557043,0.11158038957416934,0.020374836924178314,2.1318496568599163E-10
4-21	0.5125984780995748,0.787784034450759,0.06757316531322947,0.42455826539939684,5.992033452035104,0.03198927438162315,0.024994108072514877,2.7157320469553074E-13
4-22	0.31497160770354826,0.5624686743148932,0.07232899007010549,0.3059880332894796,4.063361259128055,0.16227121581036963,-8.555207755734929E-4,3.4419924549496924E-16
4-23	0.49093943456204736,0.6488807927797161,0.07070911600261047,0.2803354199663171,4.670950014198144,0.11748079598462845,0.020679879545049715,4.340469678372878E-19
4-24	0.49371510594047935,0.708467855448908,0.07913514318193553,0.34288624268502677,5.399838080318944,0.105542635879529,0.027629460325652513,5.446009634093951E-22
4-25	0.38014196642439513,0.6113713706060536,0.06876296522244936,0.386195862974638,5.624718898976678,0.11998195085627907,0.021882184095287957,6.79901327602241E-25
4-26	0.39053433784648994,0.5833681631932995,0.11312889809344404,0.3259455849229499,6.092701514160219,0.12313041236131214,0.01741848718521154,8.44597922487256E-28
4-27	0.3577138866969672,0.5717964995836753,0.10644391705573972,0.32302341852277244,5.693563289881533,0.16455269519451338,0.019799033976743152,1.0440023763748528E-30
4-28	0.3251632397130344,0.47425805227501067,0.11944212043918295,0.2869901887066701,6.032833411180666,0.22283462816137087,0.04172177002949169,1.284135764298712E-33
4-29	0.36514707862877976,0.5097604137726744,0.07970555951094146,0.3308286293619421,5.392941044566929,0.11303749648489765,0.018410920159154822,1.5717696013448127E-36
4-3	0.22577971629552834,0.3392323512957036,0.06830658411633489,0.24035423706377826,5.609492011016525,0.20111210413700964,-0.03262069315449555,1.914457492502817E-39
4-30	0.5481524602621763,0.6246536149712675,0.07159794737468647,0.3445337627115925,5.703769081225475,0.19660740861107515,0.035233187038600615,2.320554536367051E-42
4-4	0.27689765073614253,0.5435761804764431,0.17499589619707442,0.3104276643699778,5.917616126756604,0.10035778939518826,-0.008763289279808684,2.7992213948939094E-45
4-5	0.33166494315814665,0.40041245639913137,0.04702880659807572,0.22366197798843934,5.049120787667175,0.19099682807850563,-0.012735610191212256,3.360409837807814E-48
4-6	0.2429291098484566,0.3875751642250886,0.08488294958972291,0.24041058778732194,5.023953549328157,0.19377657924501615,-0.03167590873380073,4.014826568468117E-51
4-7	0.4640225078595106,0.5771552617886149,0.07620081206847767,0.29041665943851047,6.90252550957114,0.1191364763130143,-0.020965131877210226,4.7738722573937187E-54
4-8	0.4360520976424373,0.6302688227950162,0.05807834415629406,0.2926513806620574,4.741896479892984,0.17055519109622844,-0.03162244394304995,5.649552967329845E-57
4-9	0.46223327691123967,0.7074561470233156,0.08369620535236312,0.3478123102245725,5.541509889846752,0.1026743877398071,-9.795317360931082E-4,6.654361563403823E-60
5-1	0.6804949979799663,0.8367027621887729,0.12671007761471556,0.31459298043402645,8.330060386740735,0.19472763703134793,0.05040916819257199,7.801127272454657E-63
5-10	0.20266102100114347,0.3708712984389601,0.08066127196921204,0.2687451493353956,4.677164597884178,0.14375114076666434,0.019778773825195533,9.102832289912085E-66
5-11	0.34169879328803854,0.39067464726880247,0.05932713272005716,0.21982432653813638,4.302760934492317,0.24058507681854432,0.040905666403978164,0.0026713124274099884
5-12	0.11022161710206708,0.1819545371644726,0.01278534928638157,0.23262407436594004,4.0512170646641525,0.14478680355701568,0.01530740539468668,8.123367773727283E-4
5-13	0.31658253350644655,0.5180459776031812,0.13925521904405797,0.37195929122481697,6.2175503073241245,0.07151298826646377,0.02924661381518376,9.347949106705734E-7
5-14	0.07252758594903373,0.19532422219656723,0.02765092235858426,0.12070098429693564,1.9544301836280917,0.2864507594367314,0.010228232089135375,6.872862941522459E-4
5-15	0.20646810443095673,0.3308954666159596,0.13344087904487867,0.20994378675518466,4.677257046959667,0.18390701340870777,0.022702654768630714,7.836787846661869E-7
5-16	0.28400280148062534,0.4986729800983155,0.08414692494783756,0.33167984538791734,4.99963366293639,0.12733701136595768,0.027608062037194816,8.895332402567388E-10
5-17	0.37320226305252047,0.6265521728588681,0.13116852759881112,0.30206969474055134,5.76836116798072,0.19449416611453782,0.04805379442038101,1.0051223053748461E-12
5-18	0.35137593055461475,0.5541356042439357,0.10588432905241711,0.24443427412231786,4.168468347770507,0.23306467285277227,0.04268622474063035,1.1306212658884658E-15
5-19	0.30946402679793344,0.4037560309118073,0.07290692534048422,0.19624236760819969,3.924040838015421,0.3205297476739673,0.036889906186719626,1.2660932428762216E-18
5-2	0.2991186889930858,0.6470498952407044,0.052478157107402994,0.14626113976321983,2.9029253521048113,0.24784897407767442,0.0149798103747901,8.918617614269788E-4
5-20	0.2633730507092043,0.35809883451192087,0.06221140749956426,0.1988304785125008,3.776806798393013,0.2533272463641262,0.023213074151359366,9.89857670840154E-7
5-21	0.34504240116100465,0.5860310484359248,0.14813504022928126,0.31845174638509666,5.529035145633583,0.17818047209542998,0.03847868847972526,1.0937653821438165E-9
5-22	0.4778273293742145,0.7696215963129107,0.1585788064248947,0.4106913660576294,7.046786617321929,0.1344094394632513,0.0456968962469524,1.2032622465828565E-12
5-23	0.4178289455962478,0.6963522689992474,0.13051322979893196,0.36518148013806967,5.703227586656432,0.17429836740357418,0.04758564829818943,1.317921409181661E-15
5-24	0.5228111547934529,0.664881518286804,0.09065486720806863,0.31664687184311674,7.639807227466365,0.1953918193755764,0.060139133749507294,0.0013086150490730657
5-25	0.3252147786696997,0.48063505050845473,0.05764457640304893,0.2294426133244768,4.568555708173144,0.1826225752653372,0.03763315866856624,1.4208632454647835E-6
5-26	0.26521644840937264,0.4016006865410902,0.11141366981232761,0.215383181203594,4.545479519684512,0.2196568892705571,0.042635279090452505,1.5360683734754416E-9
5-27	0.217723591440699,0.6710458564978914,0.016266322572456755,0.19075929298299635,3.0188864149835144,0.0992676608065345,0.043533514832174866,1.6534643417389038E-12
5-28	0.3367821260358421,0.570922878731509,0.06968517290736596,0.3260351117824041,5.146858399158611,0.11586202321629853,0.050636155964450355,2.1436227224185794E-4
5-29	0.1807222861537202,0.3271834822611862,0.02675526699349772,0.24794667567959702,3.420647661044993,0.16981415370674097,0.02876268533187241,2.287751037799978E-7
5-3	0.17022393441674147,0.39248372314799274,0.04253640304675186,0.1554175841399358,2.2353035575569025,0.23291159846302523,0.0023685044477490683,2.4311913260361083E-10
5-30	0.2541483851157849,0.5432724695483048,0.12385453587623996,0.2583655212530581,6.139931538156145,0.2732623403158339,0.042436368787775396,2.5726892339006435E-13
5-31	0.28793903939422105,0.5622163039721269,0.1539766644213659,0.23947140729320657,5.907418262948531,0.2141973259645056,0.05115114475109355,2.710947559431658E-16
5-4	0.19862323089128459,0.2902016960167599,0.051578149700337216,0.14715579371174523,2.2097664409894526,0.21533493948159968,-0.014007186626703992,2.844645917556829E-19
5-5	0.42444997202809953,0.5217243486896727,0.08364846201640579,0.2613867876632307,4.704503413208975,0.1600996185365534,0.007404381205196754,2.972461773831587E-22
5-6	0.3969036940395714,0.5468488286666906,0.06148142399793591,0.20214504348352055,3.9591097850293537,0.20203964580492878,0.005210618502814979,3.093092376515699E-25
5-7	0.1983387603047042,0.3321729003405873,0.04669583567253672,0.21575351817977567,2.69840322257516,0.1193803519645647,0.009124570589122088,3.205277074109533E-28
5-8	0.2736824961406653,0.44306725789508833,0.1104713063319634,0.2427407157050359,5.369141798991306,0.18381772998138757,0.029214782838585262,3.3078194779252144E-31
5-9	0.23049710431258036,0.3745560814572406,0.1296099396776279,0.2633532792556064,6.274788429392591,0.10399159067829536,0.03045140265451036,3.39960891873095E-34
6-1	0.27147440849980814,0.49168327132186,0.05847452399148171,0.3001671988528717,4.81706733718464,0.19457931585535135,0.047114075130659676,3.4796406537676046E-37
6-10	0.2061890666753311,0.23699458029696416,0.01796949492761619,0.1480134222210529,2.961077540608751,0.24076919400189128,0.06854955563214134,3.547034305573501E-40
6-11	0.18091998890017802,0.2246060858683218,0.017418446187743773,0.12612640956570664,1.9319401802442728,0.18421824283655014,0.054384314269677304,3.601050056419798E-43
6-12	0.2094852578249749,0.21660728623444725,0.02832903786267719,0.15280700344748807,3.540881638200449,0.2256665502960936,0.05182445330057601,3.641102180404245E-46
6-13	0.2862129760904582,0.3788686881029551,0.07958542702705204,0.17638751964093402,4.63599283145841,0.24594729763373221,0.06732308605569041,2.014098690835851E-4
6-14	0.17079860880249798,0.265174391863694,0.04922726722871319,0.15965535358038208,3.1139779266112924,0.2550109802383488,0.06365829797999568,2.0201591683408736E-7
6-15	0.3717989996091933,0.4657993750168469,0.08396526200522349,0.28787178357001036,5.797316661265346,0.15609891206817017,0.061801856441538454,2.01814102731356E-10
6-16	0.5048475611936409,0.5845430839552406,0.04784474155423405,0.26993818087917415,4.383877927026135,0.16532945165379917,0.07011124562830004,2.0081005246901095E-13
6-17	0.1313229410913713,0.16113433407725988,0.01094930103226386,0.18163522119016765,2.680261524209144,0.25090716496695126,0.06627364840993887,1.9901888252627447E-16
6-18	0.17387099994184735,0.19364376538408415,0.01876697857949878,0.2686886823506319,2.0756962107840167,0.13154087577982918,0.05593906579309964,1.9646483961132723E-19
6-19	0.3276045929202968,0.43086887292564807,0.03443339919231023,0.25198494462374693,4.525148177198411,0.21645185926822008,0.06898322425348388,9.832841691248771E-4
6-2	0.284356125948012,0.44508410271589194,0.04508759392673096,0.18340057291344147,3.9211803606045037,0.24506998223238805,0.03855923920103181,9.63059910994003E-7
6-20	0.16710668890336391,0.30872691131972285,0.010775695213587054,0.11042282982723263,2.442849932059126,0.21780006827534867,0.06501322852604978,1.9512289079015707E-4
6-21	0.1614840686966991,0.23547981235308038,0.024305904465708055,0.18669623209895747,2.917825898864975,0.09447793981367868,0.07285229662636156,1.8962380057352484E-7
6-22	0.30993367286417883,0.31678168423267483,0.026160993131138146,0.16959021900493607,3.681430615584574,0.17530927196496968,0.06996403900931883,7.744435523947731E-4
6-23	0.47474439119851897,0.45450027163378276,0.0376337135902904,0.15734772441562675,5.8859030189157036,0.2248556502140453,0.07190931922758853,7.468115259351718E-7
6-24	0.2896010993191148,0.45000432302750604,0.030775824892978185,0.20956517552777676,3.8471526445906976,0.17792973645553703,0.058954763995415556,7.173981997456021E-10
6-25	0.28161684315724317,0.35928230078758616,0.028737584521428685,0.20115747863686867,4.022820241765159,0.16284969352770867,0.06264014809951715,6.865054543020116E-13
6-26	0.44545435352064566,0.37307843879960684,0.009560283684005175,0.09838051237238978,4.579621372966412,0.166980790937586,0.07165170652821688,9.532888465270402E-5
6-27	0.17041353689793035,0.1988348323255457,0.01615342856950048,0.14064423600415232,2.378518158948686,0.12646436922216298,0.06388570912300875,9.053075465593924E-8
6-28	0.47603634204058465,0.46754856653957005,0.05204934099202413,0.1638038261456993,5.866961701191058,0.21771661718942495,0.06675864305498866,8.564877450893023E-11
6-29	0.42269183444113156,0.4688666810240712,0.031151790142311054,0.17923072933661235,4.6238142900105474,0.17268399304164883,0.0754634859972243,8.072457540898231E-14
6-3	0.2548569876379729,0.4736796870244358,0.07984145707994582,0.24711664857214705,5.35645428571832,0.19265040750520343,0.05096287651267345,7.579772338871578E-17
6-30	0.3968707736086417,0.46816995293454106,0.034686474702600514,0.2191273308218636,6.08545973272752,0.09091922395463536,0.06908415610525039,1.8709073900841918E-4
6-4	0.3843400473192997,0.5521604566196967,0.10161666959431742,0.27327038893832417,5.690666784466661,0.15758706358243676,0.05411843816971598,1.74362291713345E-7
6-5	0.29005045501143856,0.27720720562360235,0.036306050760997514,0.1933827951615026,7.247623646039431,0.16727723961335417,0.0603102306761093,4.642527152853219E-4
6-6	0.258362673871426,0.28610287438078036,0.0351862220636087,0.14633985457461748,5.09366107645332,0.15001598264534075,0.05731758578230907,4.294659715867918E-7
6-7	0.1550768319574852,0.17998719158929105,0.023073904352132357,0.1310104514788706,8.299625494079681,0.1337788165738667,0.049545914825605816,0.006082949704576931
6-8	0.3261295471367837,0.3325803371823593,0.027569397524657605,0.20397705275617894,6.34370948162909,0.07082991626866288,0.053948159701400926,5.58581240089709E-6
6-9	0.21804769400469973,0.28026768557839193,0.031132268433233905,0.1712753678433268,3.5739649675037777,0.13547193953912962,0.05531010810585672,4.5746165216139145E-4
7-1	0.27731818385962137,0.3074569441071818,0.03102199842154351,0.17335576606002126,3.64956605739973,0.17879259064679956,0.06604859626992331,4.170115334196823E-7
7-10	0.22186859053938204,0.2491439209301609,0.015727358763325653,0.18655073184928248,2.183151286155676,0.09157147374264014,0.07235790063239775,3.7875706940933904E-10
7-11	0.28888856886021663,0.39027071848047973,0.03065314693100753,0.20280629025506722,3.3503919921141683,0.12819979318890737,0.06992973565668091,3.4276657865098555E-13
7-12	0.313154994200956,0.3448063757605775,0.021668758473337248,0.2192991941300767,2.437646881868453,0.12158539205878172,0.06706035142980765,3.090771674039545E-16
7-13	0.20333616800916526,0.2554760165101173,0.017988920717406414,0.17809460844036845,1.7991353520951199,0.17260627618334123,0.06430104254396209,2.7769736514281625E-19
7-14	0.22041480408953373,0.22941403403447636,0.02060697307136742,0.16846740788580158,3.403580246510381,0.19800591430276038,0.06576929368177616,2.4860999565158125E-22
7-15	0.15273899625699333,0.20805478504374172,0.009831049931374992,0.14020380678669564,3.482072774528555,0.2053505851153459,0.06714163184092932,0.004727921498661909
7-16	0.15480243466333957,0.18685160425337222,0.013342072044383445,0.12279129227269929,2.6697618424662477,0.22684920052010255,0.06308190367274749,4.202596887699474E-6
7-17	0.20828591889695602,0.2003426497823325,0.013297911489853308,0.16751354410298733,2.3052876544220253,0.0834604510190612,0.06887784048155247,7.08595396454285E-4
7-18	0.4123638887192383,0.27643454779327653,0.016400792507934556,0.16355429262498056,2.120304755211317,0.17916121840337076,0.07631851530492635,6.254151778060768E-7
7-19	0.4752967140621981,0.3590821763832835,0.012327529281009617,0.17604534238577396,5.366860426345832,0.08283127635743481,0.0797505000134608,0.0016710647541030587
7-2	0.15116152209821404,0.18348736387062514,0.014910015363085897,0.14564070582154756,2.633976214221162,0.1911330686032931,0.06028023707275501,0.0026307371294952697
7-20	0.3232761236000858,0.8412082859073106,0.01136673363787169,0.15383898751600136,3.5830864421084905,0.1110839590118806,0.07848059409351332,0.004631118547711349
7-21	0.21351024901966933,0.7735780750965251,0.012194400986630001,0.14460734463665448,3.2233099098712867,0.11759015140035846,0.07648257667022933,4.0305644453536546E-6
7-22	0.2716509195568254,0.35973423944067345,0.0164893273208904,0.24990859266664064,3.0383549955853177,0.060797563010754854,0.07170553562590652,3.495719380185303E-9
7-23	0.18951741652511395,0.5033359846494734,0.009521598381435514,0.179126973718813,3.1141213094171007,0.09010354154106374,0.07274996156925316,3.0213650649829757E-12
7-24	0.20688158261543937,0.6240338811237292,0.010344118517124407,0.23098977344850885,2.8450595360115565,0.08761266454913097,0.071897286788604,2.6023816235856813E-15
7-25	0.2182033318305712,0.24946269002671567,0.01374278465108766,0.1821725234106854,4.380124514623186,0.08162026838158723,0.06898875303587004,2.233803968743074E-18
7-26	0.42362549472355054,0.46899013061593386,0.04706051564127552,0.16696507487032566,5.649598053477009,0.16174646729545045,0.06926346343287927,1.910867381302886E-21
7-27	0.27487095097589387,0.3354381842545745,0.022205507685968694,0.20474592077994058,4.096887977880202,0.13142518880417345,0.07243756475995983,1.6290429508123496E-24
7-28	0.22708145365418514,0.25432067815144827,0.014462366616555622,0.13696240095223444,3.4019514766167207,0.13350163567443005,0.0729587404968224,3.398470688190315E-4
7-29	0.44049710537989345,0.5226539548502552,0.011019866525500894,0.16523028145719917,3.982558807346839,0.17962193195230688,0.080078711888651,2.877621243175542E-7
7-3	0.33961223384420247,0.45191785143869223,0.061612674992848525,0.2170170719674744,4.813487391398605,0.11280119994257579,0.06048951790032798,2.4283723571101617E-10
7-30	0.39137057378792617,0.39987545656134454,0.01014433362068364,0.1599806703717136,4.966201419168544,0.21119663683763043,0.07927711481740987,2.042365312960607E-13
7-31	0.2568242838003252,0.259346081690328,0.01090540178844986,0.1350879972090291,4.7820336977528655,0.1820714137777348,0.07290802775760051,3.3528918692389293E-4
7-4	0.3886857345729326,0.41876302930801196,0.017909194153540895,0.17351034920401756,2.6773450573916064,0.1431791741134317,0.06096316460130125,2.8010792558387043E-7
7-5	0.2542786725516844,0.2801155395747777,0.01833298017831269,0.1317015073681965,3.166259238182674,0.16831238898760484,0.06075017748926003,2.3322891389164897E-10
7-6	0.33963010678220057,0.4433859879996471,0.039019363469027644,0.2092379265621313,4.898063285674841,0.1661147820655499,0.06693838189003258,1.9355096588518586E-13
7-7	0.2724066419410936,0.3080590454822164,0.020591413865565778,0.16003410912039878,2.485440912560525,0.12625435465844959,0.0681281541620265,1.6009178319701063E-16
7-8	0.34729794446986073,0.3638153825601667,0.014149209739378043,0.15383687890281977,3.6294191598619623,0.16254415033360137,0.07153184513945755,6.595218466611708E-4
7-9	0.2665138027481264,0.21640412110317186,0.021375636162481,0.1792554123902242,3.617608397008925,0.0716208251029857,0.0641508067749708,5.419242782754074E-7
8-1	0.23445250925695998,0.2491534841286676,0.007388514034531107,0.16067097085371843,3.9341667554439064,0.12618478364054297,0.07425401376476247,4.438364277439864E-10
8-10	0.17243628776265874,0.19693808447683972,0.009801949807375128,0.17155973140477854,3.0236197279636277,0.18622545696623719,0.07050959511327735,3.6231545121958074E-13
8-11	0.35408660397702413,0.2963359951867184,0.023604395402609744,0.16450086227128136,5.860881708484918,0.09860555366718164,0.07076526411319226,4.0683482506132E-4
8-12	0.23224175718084106,0.2411162497933388,0.0073184139459875185,0.15017396663606752,3.0055643809476766,0.13471095340930025,0.06785950143074873,3.2995525146903486E-7
8-13	0.23058386560806862,0.23544148443798976,0.013748842695186734,0.17392900078143578,3.236059469992682,0.09873460869313605,0.07151807558725203,4.850447291473334E-4
8-14	0.10010522471040134,0.1911647393105866,0.012903907206039634,0.18869776712391736,2.9034940044077295,0.11853242111901138,0.06105682359032011,3.90849902616707E-7
8-15	0.12216875921663486,0.17445073473036996,0.012058557355185575,0.16721983756395495,2.6529345333368735,0.0996936003382482,0.06294060789043399,8.032159907622701E-5
8-16	0.1378079813924873,0.2627497603961012,0.008816700206048987,0.192287605954815,3.1246220452628797,0.1321855032828969,0.062340224666045184,6.430872624197519E-8
8-17	0.12780351794205305,0.2005289303754159,0.019959151396812487,0.18690525746684342,2.8755982618078715,0.1349817921015825,0.05751184375472151,5.132380386430582E-11
8-18	0.13693540454887992,0.18870368252217615,0.007175782936672086,0.13936905748406272,2.548031502197142,0.17035400301678727,0.05509746367840471,0.004375497215633511
8-19	0.12619899714873026,0.16509809966893116,0.007142883253716631,0.1690240833128343,3.0948041486932567,0.0730930642371267,0.05817216293709627,3.469862978297788E-6
8-2	0.1676886948594061,0.12503169810250508,0.007120271053955508,0.14637867516467418,3.638810121856675,0.060136832461847534,0.0741171321446143,8.695679603659909E-4
8-20	0.25151118100461733,0.3681048319133983,0.024434294933848667,0.1703281155832661,4.336988818062928,0.15213564762211337,0.06310017110492089,6.852387394531055E-7
8-21	0.2272203544234129,0.37420903757416607,0.010231291669233188,0.2028046568072139,3.852582080768313,0.09909829980174557,0.06179348010298895,5.382865196018111E-10
8-22	0.1552288334803629,0.16787330386654203,0.017235889813366666,0.14346343356053814,2.8221241833052217,0.14338222263101155,0.0582316315427588,4.2152429099593664E-13
8-23	0.2085520912049027,0.352980385092792,0.012503697025615431,0.1788785819153478,3.4370196129455937,0.07505338190681578,0.06226247590284368,3.29058775172472E-16
8-24	0.10055140240560695,0.15436029601952747,0.01246109237122616,0.1464427070676384,2.3373050736287517,0.10978603376023875,0.0536671303314419,2.560768678384996E-19
8-25	0.05050469464887945,0.11028266896510436,0.013198185486711578,0.12346504476886551,1.7861422071944364,0.14515887201998467,0.04550323283966753,1.9866320235725339E-22
8-26	0.04876295800050184,0.1640450755367093,0.013157925897514858,0.18029657002689006,1.7028508447078072,0.0960132705893426,0.038627612709079405,1.5364516810305752E-25
8-27	0.07790960906553625,0.1458473747691108,0.015430345355356605,0.13506576451042937,2.3143429844600676,0.1103284605016109,0.04698429268520361,1.1846196461299732E-28
8-28	0.11074397356576905,0.15153408714432676,0.00923553446991188,0.13307845177902417,2.615153222893513,0.11999256607263768,0.04969022620498478,3.843197540353574E-4
8-29	0.10659827124411171,0.12961803378325237,0.00690362876204591,0.10048511758757013,1.7644560561094966,0.18936397897783344,0.04233692737640229,2.9449789581253444E-7
8-3	0.2941990819490024,0.31560704204261514,0.0068807514352651235,0.17196370138853137,5.043364748705966,0.14605757370433753,0.0673356279047948,2.2497929397443425E-10
8-30	0.1578782932840434,0.1967369436725382,0.006859772087917186,0.12122769512672395,3.5834298284453205,0.14100994483907414,0.04795684358560914,1.7134752016331626E-13
8-31	0.09047674889391347,0.0874690485525228,0.02050634758700677,0.13145119794618582,2.3565553757239526,0.0957790508313129,0.04225357391312499,2.2779043280195244E-4
8-4	0.2021880974632051,0.18477476839405943,0.014398566500822866,0.13863092444961864,3.1811934559997908,0.11513685015202976,0.060743568186156796,1.7243787494470283E-7
8-5	0.17826580233770806,0.2099507734101087,0.007558036653962885,0.168406513905245,3.323155617702642,0.06423783913219021,0.06487603288164993,1.3014179241109646E-10
8-6	0.2567180329588696,0.25072231058947336,0.008818328093795307,0.20013830437464653,2.1093477468906716,0.125378959999347,0.06453339054392901,9.792459925590404E-14
8-7	0.1659840345333525,0.17573197472662377,0.008258678415674264,0.13443371215632008,2.927313839269986,0.15688325503375794,0.06426446615944781,0.002400600150037583
8-8	0.1325100852913488,0.203571976046916,0.010477381210482929,0.1923219399492568,3.7419052459530815,0.055465133324632584,0.06085584477648425,1.7955124532816628E-6
8-9	0.19398397470938952,0.2507110902133087,0.02387060207398246,0.18582574343023806,3.95506480629825,0.15067521635594677,0.056495791084844496,1.3389354610601512E-9
9-1	0.16073902154253486,0.23290015694439653,0.017118119406746457,0.13396715668656523,3.4230149180715967,0.080409423952681,0.04301598200080658,1.4869888575385536E-4
9-10	0.15801389104636215,0.28112149752182686,0.014838486374652888,0.17578500159872984,3.041825807945197,0.03638280906149198,0.0416923765618983,1.1022897387239093E-7
9-11	0.10876423790912519,0.18719964633963182,0.014792933101533373,0.13538491130938562,2.515182428535067,0.09610966948193753,0.042455057188885356,8.147004720797555E-11
9-12	0.16515015787613052,0.19542166517784793,0.016960053745837533,0.15264214068630022,3.0232241580166064,0.054602881112366934,0.042330475355334476,6.003688077227381E-14
9-13	0.17572751664796188,0.28155431422863914,0.006625246182032209,0.1955566804854418,3.67599061290082,0.01032667368193414,0.0469083985858599,4.41123297371593E-17
9-14	0.24628258426128055,0.3782282449188488,0.013191666847019804,0.19941066423478784,3.8854769161999276,0.034439799760939145,0.04252520761801162,3.2316725082167985E-20
9-15	0.16453344235519451,0.18216086796560907,0.01388837959594377,0.18056932846182233,2.486402831932944,0.03727862658857629,0.026765905922292194,2.3606081141101522E-23
9-16	0.28416936157491274,0.38614869691767345,0.01530508986132261,0.1356012886587486,3.497805100387424,0.049553735343473106,0.04153442527743794,1.719306710932376E-26
9-17	0.2391315681638162,0.3459594398670426,0.018892741532215918,0.1831050118290913,3.9241087909225763,0.05522843408521675,0.04483771563200976,1.2485887515848773E-29
9-18	0.20726946529193616,0.25658650212879586,0.014495939711464312,0.16378211803897835,4.275107971608199,0.052176124861756136,0.048765269888220136,9.041192987580574E-33
9-19	0.19942763138288225,0.2124596292434143,0.01589494291675918,0.16329514954371044,1.5915343739867207,0.027163448465604156,0.03656950561002759,7.220216606498195E-5
9-2	0.0642184504185622,0.08582610484466768,0.010810579512539064,0.11098869341219848,2.7369269505932228,0.09865166554965127,0.04595865335177108,7.204622186181785E-5
9-20	0.15869649565715618,0.19675938700993875,0.009340136812284667,0.16949819719555792,2.9452526395912373,0.043861200047056466,0.038008584819348004,5.172018798407599E-8
9-21	0.20340636828608244,0.25926754429993554,0.02291291348375969,0.20699319842318936,4.2254439890047175,0.020790165497528316,0.04104367114160297,7.158199836806585E-5
9-22	0.3213443300273277,0.3549316684827266,0.018574527418617957,0.22141826780758259,5.213579902918633,0.0200005640010689,0.04720988127847366,5.109350347470796E-8
9-23	0.1347482877793789,0.1347721933583507,0.007130658026632469,0.12044229058206946,2.352465181425565,0.07688256267900431,0.040602996356781836,5.693950541590772E-4
9-24	0.09448882064427208,0.12145831951267448,0.019167587408109747,0.11151202433682192,2.485700826956299,0.017797645537742372,0.03764414691011837,4.041128844280179E-7
9-25	0.2088425257046315,0.2994490150881194,0.01062927642420956,0.12039031282684844,3.2572439496298347,0.06370686316032395,0.03555388828514517,2.8599637963766304E-10
9-26	0.13776206247403291,0.17381753635503747,0.009887529482303606,0.10735383931745014,2.68402063793199,0.05156224902128463,0.030794321727794737,0.0012702893438856714
9-27	0.09369300637753274,0.2478351988292435,0.014785283271979104,0.14715506955616992,3.098299803404597,0.05281601847221765,0.025004077636683882,8.939404249723233E-7
9-28	0.11445171439044037,0.3531563755781258,0.01615072651457683,0.17975238952249556,3.0898935437216877,0.029510748083138395,0.0259824590018503,6.273266140156655E-10
9-29	0.13723894451671828,0.32774888479746545,0.013307313314565835,0.14848128228797935,3.851007623193647,0.014016452587881834,0.034587811377887925,2.0993701933332863E-4
9-3	0.08732535864934872,0.14398307668164512,0.012570347043485391,0.08384402043425539,2.0264138224865276,0.06700210499133837,0.045034604194960144,1.465017580832719E-7
9-30	0.15802875807839203,0.14275851292740546,0.01462252633753896,0.1322782491443523,2.784987065986421,0.022315241548358622,0.0280062871288761,1.019497272674126E-10
9-4	0.22078974931164358,0.4116188469902342,0.009725622849644372,0.156233364503223,3.541141559379588,0.09231250190253183,0.051372662239506504,1.3879250527546824E-4
9-5	0.10603514861544058,0.1407692863993012,0.00554306271477484,0.1364402999062306,2.286187641217564,0.11563481834041699,0.044810638520580974,0.00179940400865417
9-6	0.1505217633875883,0.18643255299268413,0.009665661188899086,0.15399340255342045,3.452233393817265,0.03872714618242955,0.047718985947909305,1.2418247126667839E-6
9-7	0.20244358001609608,0.2623444133193343,0.01377127712401163,0.10747005740024324,2.9617702913928543,0.04269699046536988,0.04862196764346036,8.546625689379104E-10
9-8	0.08936337925876191,0.1834333180599309,0.01579531316206178,0.16136408377309555,2.335594900680434,0.05287762319180877,0.03661538913359195,5.865906444323338E-13
9-9	0.13695370525616618,0.22326039241482543,0.01350184484131558,0.14063419855152162,1.370524021150363,0.08559402985844751,0.03924477439365749,4.0149941439584794E-16
