2013_10	98.97311827956989,133.95833333333334,15.548543010752688,73.08889126344084,1357.6612903225807,27.448719892473118,5.311559139784948,0.01706989247311828
2013_11	41.526620982431396,55.008168260473596,11.572095999324283,28.545825745398524,775.0393861272694,8.433780956210704,-3.5353746180739165,4.2149582819202074E-4
2013_12	31.118445027618854,41.07790225011797,15.106606202898243,22.413123607674546,731.0575359538619,4.342411132679442,-4.475151890678473,1.908948497246471E-7
2013_3	26.902140394657053,32.82692340862131,10.531572698578218,15.940132189568995,378.36079184822285,12.486134827619471,-1.5940633983369499,0.005962059685262482
2013_4	15.42562694455192,18.422610817921736,4.316968728948415,8.352409567589753,189.24628561869505,9.8866317905304,-0.5622260521237302,0.002779401432376161
2013_5	13.765268484362444,21.74352867092797,4.487418516469417,8.812200500354981,179.46563548134483,11.934774916619231,1.4238536625787765,0.0012913902630055196
2013_6	14.704101493084961,16.588053646548076,2.0168506655990006,7.2135954829634645,206.08907041189278,9.55964298577037,2.458357448143027,0.014233117482527842
2013_7	8.62409933698862,9.32475987306914,0.9867917092968695,5.707815288347444,114.77739610041019,10.644375925677851,2.680741217253087,0.03546160427168069
2013_8	6.658155812097975,9.151015211333494,0.7859687789416209,5.140180421994014,116.5632212252567,9.699959416655448,2.2572887592417366,0.01019557089436469
2013_9	5.936364127970057,11.519900737365377,1.324893296402361,5.52580209428404,120.73959194188798,4.842436731946711,1.4268188029356246,0.01127589808971873
2014_1	10.270145445614238,13.788701768142602,5.519946203424382,6.944797947835594,194.03075415330636,1.053022061910478,-1.1671950026208047,1.3941515936843139E-6
2014_10	8.925868449439042,11.410302162790778,0.5428577837639746,6.177529981651702,108.33265746763512,1.8881400613747634,0.5281060694064058,0.0015398552303160769
2014_11	7.674856142006852,10.549550911030442,1.062923247255419,5.691507279101931,132.60137485945012,1.6489623262208308,-0.39169513127414096,3.156824280049373E-5
2014_12	4.655873626276419,7.793895644027877,2.292284666205056,4.442433130077613,130.24792165645488,2.089932882898817,-1.1697641506537755,3.0660686480666013E-9
2014_2	8.79892923720152,9.996334235562001,3.2762848545465175,3.7266997112627713,116.9429474764457,0.9825027291104028,-0.5870778413704104,6.017505473254986E-4
2014_3	6.260143351198532,9.98591157225372,2.5455324696767883,4.209932266027259,94.60527176805638,2.991972549754876,-0.37309486661896996,8.589630340447875E-6
2014_4	5.013614876395689,8.164413281175374,1.0847446535126832,3.1749686238952726,62.15368446523231,3.975063704355675,0.22952275620442253,0.001045689236617627
2014_5	3.266462781942653,6.297606588743258,0.8027917990781354,2.613659302415293,51.46191208898491,4.858065806292073,0.39175239243747734,0.005168567523469689
2014_6	2.997860280856502,4.199431318839144,0.32820975761363547,2.3966331073188263,51.20548804778994,5.169966757758082,0.8467682608227138,0.010262317830132664
2014_7	4.3338796352650855,5.596803239844184,0.2647082110490173,2.037458786414434,42.612787260112555,5.279383194450667,0.993712210946777,0.0029583512512179055
2014_8	3.1117936739232492,4.406597556112834,0.19562303095495642,2.37494393257842,49.677756941449566,4.573204588091163,0.8768456651203163,0.006682459591214979
2014_9	3.132911810337427,4.36914472165649,0.25367583352154466,2.6414167252814567,51.977749488135956,2.393242250657482,0.6175532070085151,0.0024470120752354213
2015_1	4.553236758773169,5.664255053699054,1.6931715144725499,3.3847602930155083,88.83855518456126,1.0700197793358652,-0.6087062231002477,2.3886930916146454E-5
2015_10	3.2017140311936547,4.154937713452348,0.22895027123206416,2.356547564818839,44.116009467666245,1.558382788755078,0.1756077361173771,8.071864419583288E-4
2015_11	4.911380609110485,5.134947298914016,0.5697481951873762,2.3343357660312813,81.35343578033354,0.5517998243113125,-0.04726542115901507,0.0020533424632176696
2015_12	6.37898359470031,6.774933613943058,0.9257225938389582,2.8157711133378482,112.36782921052584,0.6632846242561037,-0.28217082627105144,1.1030926440298161E-4
2015_2	3.5018440279599914,4.552553473926092,0.9228470054031751,2.0254874174327524,53.04705838550338,1.3184642784176934,-0.4237926891132543,5.727955347356247E-4
2015_3	3.143586451935715,5.515071930122798,0.8370419522765438,2.147275570897686,45.26929694501688,1.9399823399901532,-0.3591160508347559,3.2241953866426023E-4
2015_4	2.4191743859216657,3.999646804073713,0.3288428200241731,1.6840386596626509,28.35245702609216,2.631556246807285,0.05755666685301843,0.0018922386947687177
2015_5	1.6359144408454562,3.026394951076043,0.29122578605124105,1.3860176895814944,25.51642744607157,3.1798245603686546,0.22430969897277775,0.0017004874288245242
2015_6	1.8511933224947408,2.546037535087883,0.2158497186522798,1.172465837645197,27.172736424234024,2.875670013442813,0.45450319163572384,0.004330053870384393
2015_7	1.943412444159081,2.455279745193807,0.1567613610990877,1.209964635292207,31.018255245146335,3.0160630628210874,0.5884083121022067,0.008589928634780785
2015_8	1.3907365561814182,2.074364449956312,0.09481265578864725,1.0866554822993413,27.63547955000187,3.0586487766344774,0.5684430255265117,0.003877095341643256
2015_9	1.496556898992768,1.9401976497928717,0.13944235893885895,1.1830391994643783,26.939657154100306,1.6628884591689443,0.3987640139569469,0.003973772405700676
2016_1	2.183087182009489,2.5666955716045683,0.7069329679146726,1.5344885597937936,47.50573803722095,0.8067659672156814,-0.5246798358320072,1.9680325382915525E-5
2016_10	2.3392980831505015,2.654658724027459,0.09307479253824813,1.7140078357832345,35.11109235496498,0.567995095854858,0.20546354432924133,0.0033166370552643203
2016_11	2.828285287310991,3.6271666171218984,0.27840917090693473,1.9010680410695842,48.198696479475295,0.3707361109299592,-0.09995177809011785,1.9589674339004373E-4
2016_12	4.183557243503283,4.514438710332798,0.4630888125241195,2.3960275046031447,69.42940029826285,0.40043035433243207,-0.24801552889624998,7.042592155235969E-9
2016_2	1.178492689297261,1.3865921169581346,0.41748958644825074,0.8343994117390785,22.69112757436512,1.1589295886067037,-0.36832379403510457,4.4191919216619646E-4
2016_3	2.3699131286809303,3.277289670225491,0.5139601274810791,1.3585190866629662,30.78762274841312,1.2110048854795121,-0.2225994094816116,1.510524993731872E-8
2016_4	1.5580254174382402,2.5668293731541976,0.2553881091582426,0.9536748905486611,19.163023339429824,1.7024022886604444,-0.008003823038747098,1.6012810298589704E-4
2016_5	1.3173684253065574,2.232733295226991,0.22165544883167831,0.9072250545211767,17.542941504665997,2.403050208407834,0.15020156237555213,0.0011100312541700195
2016_6	1.3345520791483876,1.725230048768932,0.11047142670002645,0.7346344537231082,17.799540169895185,2.45332070770383,0.3362675000496945,0.002271027672749815
2016_7	1.6894834250583877,1.8735000382192633,0.07662535643259695,0.7966919784505879,22.881487681461902,2.234198773325494,0.4791646864125053,0.009787542599666693
2016_8	1.1365612695403624,1.455596255467633,0.05894912006063024,0.8906340103249044,20.89476680902823,1.7080974914593454,0.4357956500451414,0.0016372020026299706
2016_9	1.194428690004444,1.4663414050242352,0.055725717698527716,1.0462104919760558,18.013578660449625,1.1621703547756614,0.29706775426920023,0.0034207571683904725
2017_1	2.8523841134185277,3.228729540050158,0.4004726600871627,1.5362888523636884,43.734531681165976,0.6024704050463705,-0.27263325576429764,8.82242257409835E-6
2017_2	1.4501155710732778,1.695049872505705,0.34555100595083527,1.047271739928484,21.77856874662563,0.7462241179102511,-0.2611816288288778,1.1692929564289794E-4
